5.645787700436308398e+00 3.251211215442710856e-01
5.613537662618984569e+00 3.162979892654034231e-01
5.581287624801658964e+00 3.074748569865352055e-01
5.549037586984335135e+00 2.986517247076675430e-01
5.520001999296329842e+00 2.876029126849463102e-01
5.491706771499690554e+00 2.760414767461308871e-01
5.463411543703053042e+00 2.644800408073160192e-01
5.435398891422276613e+00 2.548061149984174323e-01
5.407640872088618877e+00 2.468330522867211996e-01
5.379882852754962919e+00 2.388599895750254387e-01
5.352825641304998605e+00 2.308044779736367624e-01
5.330087614399078078e+00 2.222408214464858811e-01
5.307349587493156662e+00 2.136771649193350275e-01
5.284611560587233470e+00 2.051135083921837299e-01
5.261282551129362162e+00 1.995429622505536793e-01
5.237759894775284586e+00 1.949531667829388637e-01
5.214237238421206122e+00 1.903633713153237983e-01
5.191557773376454854e+00 1.857735846646738354e-01
5.171190677298445948e+00 1.811838221936800386e-01
5.150823581220437930e+00 1.765940597226862419e-01
5.130456485142429024e+00 1.720042972516924451e-01
5.110749128123929452e+00 1.672962210867799393e-01
5.091226564671157639e+00 1.625550051387089912e-01
5.071704001218385827e+00 1.578137891906380430e-01
5.052617868445835825e+00 1.533453512194654367e-01
5.035326439631481854e+00 1.499986394170356729e-01
5.018035010817126995e+00 1.466519276146057149e-01
5.000743582002773024e+00 1.433052158121759512e-01
4.983902788610041767e+00 1.400136704547875199e-01
4.967350104058126270e+00 1.367573951622235717e-01
4.950797419506211661e+00 1.335011198696597901e-01
4.934244734954297940e+00 1.302448445770960084e-01
4.918094956763472858e+00 1.278008738759590091e-01
4.901977937591310841e+00 1.254229490451258533e-01
4.885860918419147048e+00 1.230450242142925726e-01
4.870306295204862579e+00 1.205314718564475807e-01
4.858206504840496542e+00 1.171847512848031708e-01
4.846106714476129618e+00 1.138380307131585945e-01
4.834006924111762693e+00 1.104913101415141846e-01
4.821380763618594578e+00 1.075393956013143415e-01
4.807221601627286844e+00 1.057373149984167510e-01
4.793062439635980887e+00 1.039352343955192576e-01
4.778903277644673153e+00 1.021331537926216670e-01
4.765527702725503190e+00 1.004409666589747424e-01
4.753479503575149145e+00 9.893493615478415881e-02
4.741431304424795989e+00 9.742890565059350583e-02
4.729383105274442833e+00 9.592287514640300550e-02
4.717733153492558174e+00 9.414660692918910834e-02
4.706713451985553576e+00 9.194267137151913849e-02
4.695693750478549866e+00 8.973873581384927967e-02
4.684674048971545268e+00 8.753480025617930982e-02
4.673580004127959597e+00 8.555391021860765666e-02
4.662315438529273770e+00 8.408461802231585736e-02
4.651050872930587943e+00 8.261532582602398866e-02
4.639786307331902115e+00 8.114603362973218936e-02
4.628896319015296967e+00 7.942147385301895346e-02
4.619334311612475652e+00 7.679191932375309393e-02
4.609772304209655225e+00 7.416236479448737318e-02
4.600210296806834798e+00 7.153281026522151365e-02
4.590639283776056345e+00 6.894502019657591796e-02
4.580832494802644206e+00 6.745066360281597173e-02
4.571025705829232066e+00 6.595630700905595611e-02
4.561218916855819927e+00 6.446195041529602376e-02
4.551412127882407788e+00 6.296759382153607754e-02
4.542289756986354732e+00 6.160208833569826709e-02
4.533390668511637855e+00 6.027861883388928310e-02
4.524491580036921867e+00 5.895514933208022973e-02
4.515592491562204991e+00 5.763167983027124575e-02
4.506693341295147093e+00 5.607078987785946156e-02
4.497794086529386171e+00 5.410839176988272575e-02
4.488894831763626136e+00 5.214599366190609403e-02
4.479995576997865214e+00 5.018359555392945537e-02
4.471096322232104292e+00 4.822119744595272650e-02
4.463227540904013857e+00 4.701251963729461553e-02
4.455370012057290552e+00 4.581207224323514265e-02
4.447512483210568135e+00 4.461162484917573223e-02
4.439654954363844830e+00 4.341117745511632875e-02
4.432064305026814921e+00 4.239754024111484082e-02
4.424861577785885736e+00 4.165544053369935745e-02
4.417658850544956550e+00 4.091334082628387409e-02
4.410456123304026477e+00 4.017124111886839766e-02
4.403253396063096403e+00 3.942914141145283102e-02
4.396000800767588146e+00 3.875301645332419886e-02
4.388737698842769319e+00 3.809079162104636596e-02
4.381474596917950493e+00 3.742856678876853305e-02
4.374211494993131666e+00 3.676634195649070014e-02
4.367061151827458687e+00 3.610005712823310953e-02
4.360576814828863945e+00 3.540979205771918603e-02
4.354092477830269203e+00 3.471952698720526947e-02
4.347608140831674461e+00 3.402926191669127659e-02
4.341123803833079720e+00 3.333899684617736003e-02
4.334911442891674405e+00 3.253452138459601156e-02
4.329174252444541793e+00 3.153050847646364507e-02
4.323437061997410069e+00 3.052649556833128899e-02
4.317699871550277457e+00 2.952248266019882189e-02
4.311962681103144845e+00 2.851846975206646234e-02
4.306280974208681833e+00 2.761156467142092744e-02
4.300658513221156554e+00 2.680835232553325717e-02
4.295036052233631274e+00 2.600513997964559038e-02
4.289413591246105995e+00 2.520192763375783684e-02
4.283791130258580715e+00 2.439871528787016658e-02
4.278180284104046827e+00 2.388331777978048090e-02
4.272580886751368823e+00 2.365162086828092453e-02
4.266981489398689931e+00 2.341992395678136815e-02
4.261382092046011039e+00 2.318822704528181178e-02
4.255782694693332147e+00 2.295653013378223112e-02
4.250245981152759533e+00 2.255570969035672682e-02
4.244839801759190401e+00 2.180270268972632139e-02
4.239433622365621268e+00 2.104969568909591943e-02
4.234027442972053024e+00 2.029668868846551399e-02
4.228621263578483891e+00 1.954368168783510856e-02
4.223339889224807742e+00 1.877623395100793888e-02
4.218793341013730824e+00 1.792376215998492048e-02
4.214246792802653019e+00 1.707129036896181187e-02
4.209700244591575213e+00 1.621881857793879347e-02
4.205153696380498296e+00 1.536634678691577507e-02
4.200607148169421379e+00 1.451387499589275668e-02
4.196294737406410569e+00 1.404559793242154964e-02
4.192018425456659259e+00 1.363655519408781339e-02
4.187742113506908836e+00 1.322751245575412050e-02
4.183465801557158414e+00 1.281846971742042762e-02
4.179189489607407992e+00 1.240942697908673301e-02
4.174900169992028509e+00 1.208625731862802456e-02
4.170597203345956849e+00 1.185318165065506885e-02
4.166294236699884301e+00 1.162010598268208884e-02
4.161991270053812642e+00 1.138703031470913313e-02
4.157688303407740982e+00 1.115395464673617741e-02
4.153385336761668434e+00 1.092087897876322169e-02
4.149471908579007717e+00 1.075567296174735794e-02
4.145596808600970462e+00 1.059714490368558748e-02
4.141721708622934095e+00 1.043861684562383263e-02
4.137846608644897728e+00 1.028008878756207778e-02
4.133971508666861361e+00 1.012156072950032293e-02
4.130111977884324936e+00 9.919266100952998932e-03
4.126303644138734406e+00 9.573051465355872716e-03
4.122495310393143875e+00 9.226836829758782929e-03
4.118686976647553344e+00 8.880622194161694877e-03
4.114878642901962813e+00 8.534407558564605090e-03
4.111070309156372282e+00 8.188192922967515303e-03
4.107446781355823973e+00 7.961164684463150829e-03
4.104043343671680333e+00 7.876078568025999399e-03
4.100639905987537581e+00 7.790992451588847102e-03
4.097236468303394830e+00 7.705906335151694805e-03
4.093833030619251190e+00 7.620820218714542509e-03
4.090429592935108438e+00 7.535734102277391079e-03
4.086961973698387318e+00 7.354413141273766739e-03
4.083447882422926334e+00 7.103411263478184162e-03
4.079933791147466238e+00 6.852409385682602452e-03
4.076419699872005253e+00 6.601407507887020742e-03
4.072905608596545157e+00 6.350405630091438165e-03
4.069391517321084173e+00 6.099403752295829567e-03
4.066141509056398817e+00 6.039122673405803408e-03
4.063064661372018271e+00 6.103898197428896111e-03
4.059987813687636837e+00 6.168673721451988813e-03
4.056910966003255403e+00 6.233449245475082383e-03
4.053834118318873969e+00 6.298224769498182024e-03
4.050757270634493423e+00 6.363000293521274726e-03
4.047654394885681128e+00 6.319276283690337254e-03
4.044516847936680648e+00 6.131023314802621672e-03
4.041379300987680168e+00 5.942770345914906091e-03
4.038241754038679687e+00 5.754517377027191377e-03
4.035104207089679207e+00 5.566264408139455847e-03
4.031966660140678727e+00 5.378011439251740265e-03
4.028854719268785800e+00 5.195732702917989221e-03
4.026187845504896501e+00 5.117293941530849134e-03
4.023520971741007202e+00 5.038855180143708180e-03
4.020854097977117902e+00 4.960416418756559420e-03
4.018187224213228603e+00 4.881977657369419334e-03
4.015520350449339304e+00 4.803538895982278380e-03
4.012853476685450005e+00 4.725100134595146099e-03
4.010267760025640449e+00 4.679619876023814566e-03
4.007720234493914901e+00 4.649649318257404428e-03
4.005172708962188466e+00 4.619678760490991687e-03
4.002625183430462030e+00 4.589708202724581548e-03
4.000077657898736483e+00 4.559737644958172277e-03
3.997530132367010047e+00 4.529767087191762139e-03
3.994981859774933586e+00 4.499298799443580445e-03
3.992324189805530832e+00 4.395944359204411594e-03
3.989666519836128522e+00 4.292589918965254020e-03
3.987008849866725768e+00 4.189235478726096445e-03
3.984351179897323458e+00 4.085881038486938004e-03
3.981693509927920704e+00 3.982526598247780429e-03
3.979035839958517951e+00 3.879172158008611579e-03
3.976421224023097167e+00 3.789786381455794318e-03
3.973947565378567415e+00 3.746133485390622242e-03
3.971473906734037662e+00 3.702480589325450166e-03
3.969000248089507910e+00 3.658827693260278090e-03
3.966526589444977713e+00 3.615174797195101677e-03
3.964052930800447960e+00 3.571521901129929601e-03
3.961579272155918208e+00 3.527869005064757525e-03
3.959187041187921530e+00 3.453981797914120692e-03
3.956938582373479729e+00 3.326711610908494789e-03
3.954690123559037929e+00 3.199441423902868887e-03
3.952441664744596128e+00 3.072171236897229107e-03
3.950193205930154328e+00 2.944901049891603204e-03
3.947944747115712527e+00 2.817630862885976868e-03
3.945696288301270727e+00 2.690360675880350966e-03
3.943501606214153465e+00 2.576067921864757734e-03
3.941438578542578064e+00 2.493546092569888083e-03
3.939375550871003107e+00 2.411024263275027106e-03
3.937312523199428593e+00 2.328502433980165695e-03
3.935249495527853636e+00 2.245980604685304718e-03
3.933186467856278679e+00 2.163458775390443740e-03
3.931123440184703721e+00 2.080936946095573656e-03
3.929062240494553659e+00 2.001028565555835418e-03
3.927094386606216680e+00 2.054575846127393735e-03
3.925126532717879702e+00 2.108123126698952486e-03
3.923158678829543167e+00 2.161670407270510803e-03
3.921190824941206188e+00 2.215217687842069121e-03
3.919222971052869209e+00 2.268764968413633076e-03
3.917255117164532230e+00 2.322312248985191827e-03
3.915287263276195695e+00 2.375859529556750144e-03
3.913355379211985952e+00 2.349215053470279837e-03
3.911453023544048335e+00 2.256739452938010242e-03
3.909550667876111163e+00 2.164263852405731107e-03
3.907648312208173991e+00 2.071788251873461512e-03
3.905745956540236818e+00 1.979312651341201892e-03
3.903843600872299646e+00 1.886837050808932298e-03
3.901941245204362474e+00 1.794361450276662703e-03
3.900038889536425302e+00 1.701885849744393109e-03
3.898257085024591895e+00 1.650200355636871402e-03
3.896477790052650825e+00 1.599363998133003463e-03
3.894698495080709755e+00 1.548527640629135524e-03
3.892919200108768685e+00 1.497691283125267584e-03
3.891139905136827615e+00 1.446854925621399645e-03
3.889360610164886101e+00 1.396018568117526285e-03
3.887581315192945031e+00 1.345182210613658346e-03
3.885808684973293126e+00 1.293020700522478326e-03
3.884089312660697235e+00 1.230269921653475524e-03
3.882369940348101345e+00 1.167519142784472939e-03
3.880650568035505454e+00 1.104768363915463632e-03
3.878931195722909564e+00 1.042017585046460830e-03
3.877211823410313674e+00 9.792668061774580275e-04
3.875492451097717783e+00 9.165160273084554422e-04
3.873773078785121893e+00 8.537652484394526401e-04
3.872067803674041464e+00 8.086607525692763188e-04
3.870446879902854853e+00 8.691437105973261624e-04
3.868825956131668242e+00 9.296266686253760059e-04
3.867205032360482075e+00 9.901096266534260663e-04
3.865584108589295464e+00 1.050592584681475910e-03
3.863963184818108854e+00 1.111075542709525753e-03
3.862342261046922243e+00 1.171558500737582102e-03
3.860721337275735632e+00 1.232041458765631946e-03
3.859100413504549465e+00 1.292524416793681789e-03
3.857444001761160202e+00 1.341901129950136317e-03
3.855782585177723210e+00 1.389711538365504158e-03
3.854121168594286218e+00 1.437521946780876986e-03
3.852459752010849225e+00 1.485332355196244611e-03
3.850798335427412233e+00 1.533142763611612452e-03
3.849136918843975685e+00 1.580953172026980293e-03
