1.470136008326091703e+00 0.000000000000000000e+00
1.470025140696212818e+00 0.000000000000000000e+00
1.469914273066333710e+00 0.000000000000000000e+00
1.469803405436454824e+00 0.000000000000000000e+00
1.469692537806575938e+00 0.000000000000000000e+00
1.469581670176697052e+00 0.000000000000000000e+00
1.469476748965122370e+00 0.000000000000000000e+00
1.469377273014074170e+00 0.000000000000000000e+00
1.469277797063025970e+00 0.000000000000000000e+00
1.469178321111977548e+00 0.000000000000000000e+00
1.469078845160929347e+00 0.000000000000000000e+00
1.468979369209880925e+00 0.000000000000000000e+00
1.468879893258832725e+00 0.000000000000000000e+00
1.468780417307784525e+00 0.000000000000000000e+00
1.468680941356736103e+00 0.000000000000000000e+00
1.468581465405687903e+00 0.000000000000000000e+00
1.468481989454639480e+00 0.000000000000000000e+00
1.468382513503591280e+00 0.000000000000000000e+00
1.468283037552543080e+00 0.000000000000000000e+00
1.468183561601494658e+00 0.000000000000000000e+00
1.468087926135695387e+00 0.000000000000000000e+00
1.467998588767271295e+00 0.000000000000000000e+00
1.467909251398847204e+00 0.000000000000000000e+00
1.467819914030423112e+00 0.000000000000000000e+00
1.467730576661999242e+00 0.000000000000000000e+00
1.467641239293575151e+00 0.000000000000000000e+00
1.467551901925151059e+00 0.000000000000000000e+00
1.467462564556726967e+00 0.000000000000000000e+00
1.467373227188302875e+00 0.000000000000000000e+00
1.467283889819878784e+00 0.000000000000000000e+00
1.467194552451454914e+00 0.000000000000000000e+00
1.467105215083030822e+00 0.000000000000000000e+00
1.467015877714606731e+00 0.000000000000000000e+00
1.466926540346182639e+00 0.000000000000000000e+00
1.466837202977758547e+00 0.000000000000000000e+00
1.466753616081206246e+00 0.000000000000000000e+00
1.466673292122514072e+00 0.000000000000000000e+00
1.466592968163822119e+00 0.000000000000000000e+00
1.466512644205129945e+00 0.000000000000000000e+00
1.466432320246437992e+00 0.000000000000000000e+00
1.466351996287746040e+00 0.000000000000000000e+00
1.466271672329053866e+00 0.000000000000000000e+00
1.466191348370361913e+00 0.000000000000000000e+00
1.466111024411669739e+00 0.000000000000000000e+00
1.466030700452977786e+00 0.000000000000000000e+00
1.465950376494285612e+00 0.000000000000000000e+00
1.465870052535593659e+00 0.000000000000000000e+00
1.465789728576901485e+00 0.000000000000000000e+00
1.465709404618209533e+00 0.000000000000000000e+00
1.465629080659517358e+00 0.000000000000000000e+00
1.465551964905050131e+00 0.000000000000000000e+00
1.465479677777680179e+00 0.000000000000000000e+00
1.465407390650310004e+00 0.000000000000000000e+00
1.465335103522939830e+00 0.000000000000000000e+00
1.465262816395569656e+00 0.000000000000000000e+00
1.465190529268199482e+00 0.000000000000000000e+00
1.465118242140829308e+00 0.000000000000000000e+00
1.465045955013459134e+00 0.000000000000000000e+00
1.464973667886088959e+00 0.000000000000000000e+00
1.464901380758719007e+00 0.000000000000000000e+00
1.464829093631348833e+00 0.000000000000000000e+00
1.464756806503978659e+00 0.000000000000000000e+00
1.464684519376608485e+00 0.000000000000000000e+00
1.464612232249238311e+00 0.000000000000000000e+00
1.464539945121868136e+00 0.000000000000000000e+00
1.464467657994497962e+00 0.000000000000000000e+00
1.464399391951703100e+00 0.000000000000000000e+00
1.464334249579196223e+00 0.000000000000000000e+00
1.464269107206689347e+00 0.000000000000000000e+00
1.464203964834182470e+00 0.000000000000000000e+00
1.464138822461675593e+00 0.000000000000000000e+00
1.464073680089168716e+00 0.000000000000000000e+00
1.464008537716661840e+00 0.000000000000000000e+00
1.463943395344154963e+00 0.000000000000000000e+00
1.463878252971647864e+00 0.000000000000000000e+00
1.463813110599140987e+00 0.000000000000000000e+00
1.463747968226634111e+00 0.000000000000000000e+00
1.463682825854127234e+00 0.000000000000000000e+00
1.463617683481620357e+00 0.000000000000000000e+00
1.463552541109113481e+00 0.000000000000000000e+00
1.463487398736606604e+00 0.000000000000000000e+00
1.463422256364099727e+00 0.000000000000000000e+00
1.463358563687557234e+00 0.000000000000000000e+00
1.463299768665184963e+00 0.000000000000000000e+00
1.463240973642812470e+00 0.000000000000000000e+00
1.463182178620440199e+00 0.000000000000000000e+00
1.463123383598067928e+00 0.000000000000000000e+00
1.463064588575695657e+00 0.000000000000000000e+00
1.463005793553323164e+00 0.000000000000000000e+00
1.462946998530950893e+00 0.000000000000000000e+00
1.462888203508578622e+00 0.000000000000000000e+00
1.462829408486206351e+00 0.000000000000000000e+00
1.462770613463834080e+00 0.000000000000000000e+00
1.462711818441461586e+00 0.000000000000000000e+00
1.462653023419089315e+00 0.000000000000000000e+00
1.462594228396717044e+00 0.000000000000000000e+00
1.462535433374344773e+00 0.000000000000000000e+00
1.462476638351972280e+00 0.000000000000000000e+00
1.462417843329600009e+00 0.000000000000000000e+00
1.462360724864606887e+00 0.000000000000000000e+00
1.462307586184475872e+00 0.000000000000000000e+00
1.462254447504344634e+00 0.000000000000000000e+00
1.462201308824213619e+00 0.000000000000000000e+00
1.462148170144082382e+00 0.000000000000000000e+00
1.462095031463951367e+00 0.000000000000000000e+00
1.462041892783820352e+00 0.000000000000000000e+00
1.461988754103689114e+00 0.000000000000000000e+00
1.461935615423558099e+00 0.000000000000000000e+00
1.461882476743426862e+00 0.000000000000000000e+00
1.461829338063295847e+00 0.000000000000000000e+00
1.461776199383164832e+00 0.000000000000000000e+00
1.461723060703033594e+00 0.000000000000000000e+00
1.461669922022902579e+00 0.000000000000000000e+00
1.461616783342771342e+00 0.000000000000000000e+00
1.461563644662640327e+00 0.000000000000000000e+00
1.461510505982509311e+00 0.000000000000000000e+00
1.461457367302378074e+00 0.000000000000000000e+00
1.461408092969978201e+00 0.000000000000000000e+00
1.461359994042167543e+00 0.000000000000000000e+00
1.461311895114356885e+00 0.000000000000000000e+00
1.461263796186546227e+00 0.000000000000000000e+00
1.461215697258735569e+00 0.000000000000000000e+00
1.461167598330924910e+00 0.000000000000000000e+00
1.461119499403114252e+00 0.000000000000000000e+00
1.461071400475303594e+00 0.000000000000000000e+00
1.461023301547492936e+00 0.000000000000000000e+00
1.460975202619682056e+00 0.000000000000000000e+00
1.460927103691871398e+00 0.000000000000000000e+00
1.460879004764060740e+00 0.000000000000000000e+00
1.460830905836250082e+00 0.000000000000000000e+00
1.460782806908439424e+00 0.000000000000000000e+00
1.460734707980628766e+00 0.000000000000000000e+00
1.460686609052818108e+00 0.000000000000000000e+00
1.460638510125007450e+00 0.000000000000000000e+00
1.460590411197196792e+00 0.000000000000000000e+00
1.460545175482558911e+00 0.000000000000000000e+00
1.460501552998306307e+00 0.000000000000000000e+00
1.460457930514053704e+00 0.000000000000000000e+00
1.460414308029801100e+00 0.000000000000000000e+00
1.460370685545548275e+00 0.000000000000000000e+00
1.460327063061295672e+00 0.000000000000000000e+00
1.460283440577043068e+00 0.000000000000000000e+00
1.460239818092790243e+00 0.000000000000000000e+00
1.460196195608537639e+00 0.000000000000000000e+00
1.460152573124285036e+00 0.000000000000000000e+00
1.460108950640032210e+00 0.000000000000000000e+00
1.460065328155779607e+00 0.000000000000000000e+00
1.460021705671527004e+00 0.000000000000000000e+00
1.459978083187274400e+00 0.000000000000000000e+00
1.459934460703021575e+00 0.000000000000000000e+00
1.459890838218768971e+00 0.000000000000000000e+00
1.459847215734516368e+00 0.000000000000000000e+00
1.459803593250263543e+00 0.000000000000000000e+00
1.459759970766010939e+00 0.000000000000000000e+00
1.459719998830276033e+00 0.000000000000000000e+00
1.459680366786838990e+00 0.000000000000000000e+00
1.459640734743402168e+00 0.000000000000000000e+00
1.459601102699965347e+00 0.000000000000000000e+00
1.459561470656528304e+00 0.000000000000000000e+00
1.459521838613091482e+00 0.000000000000000000e+00
1.459482206569654439e+00 0.000000000000000000e+00
1.459442574526217618e+00 0.000000000000000000e+00
1.459402942482780574e+00 0.000000000000000000e+00
1.459363310439343753e+00 0.000000000000000000e+00
1.459323678395906931e+00 0.000000000000000000e+00
1.459284046352469888e+00 0.000000000000000000e+00
1.459244414309033067e+00 0.000000000000000000e+00
1.459204782265596023e+00 0.000000000000000000e+00
1.459165150222159202e+00 0.000000000000000000e+00
1.459125518178722158e+00 0.000000000000000000e+00
1.459085886135285337e+00 0.000000000000000000e+00
1.459046254091848516e+00 0.000000000000000000e+00
1.459006622048411472e+00 0.000000000000000000e+00
1.458968744238580806e+00 0.000000000000000000e+00
1.458932671905800893e+00 0.000000000000000000e+00
1.458896599573021202e+00 0.000000000000000000e+00
1.458860527240241511e+00 0.000000000000000000e+00
1.458824454907461599e+00 0.000000000000000000e+00
1.458788382574681908e+00 0.000000000000000000e+00
1.458752310241902217e+00 0.000000000000000000e+00
1.458716237909122304e+00 0.000000000000000000e+00
1.458680165576342613e+00 0.000000000000000000e+00
1.458644093243562923e+00 0.000000000000000000e+00
1.458608020910783010e+00 0.000000000000000000e+00
1.458571948578003319e+00 0.000000000000000000e+00
1.458535876245223406e+00 0.000000000000000000e+00
1.458499803912443715e+00 0.000000000000000000e+00
1.458463731579664024e+00 0.000000000000000000e+00
1.458427659246884112e+00 0.000000000000000000e+00
1.458391586914104421e+00 0.000000000000000000e+00
1.458355514581324730e+00 0.000000000000000000e+00
1.458319442248544817e+00 0.000000000000000000e+00
1.458283369915765126e+00 0.000000000000000000e+00
1.458248480712404538e+00 0.000000000000000000e+00
1.458215575118876339e+00 0.000000000000000000e+00
1.458182669525348141e+00 0.000000000000000000e+00
1.458149763931819942e+00 0.000000000000000000e+00
1.458116858338291966e+00 0.000000000000000000e+00
1.458083952744763767e+00 0.000000000000000000e+00
1.458051047151235569e+00 0.000000000000000000e+00
1.458018141557707370e+00 0.000000000000000000e+00
1.457985235964179394e+00 0.000000000000000000e+00
1.457952330370651195e+00 0.000000000000000000e+00
1.457919424777122996e+00 0.000000000000000000e+00
1.457886519183594798e+00 0.000000000000000000e+00
1.457853613590066821e+00 0.000000000000000000e+00
1.457820707996538623e+00 0.000000000000000000e+00
1.457787802403010424e+00 0.000000000000000000e+00
1.457754896809482226e+00 0.000000000000000000e+00
1.457721991215954249e+00 0.000000000000000000e+00
1.457689085622426051e+00 0.000000000000000000e+00
1.457656180028897852e+00 0.000000000000000000e+00
1.457623274435369654e+00 0.000000000000000000e+00
1.457590368841841677e+00 0.000000000000000000e+00
1.457559036538449426e+00 0.000000000000000000e+00
1.457528954541810640e+00 0.000000000000000000e+00
1.457498872545171853e+00 0.000000000000000000e+00
1.457468790548533066e+00 0.000000000000000000e+00
1.457438708551894280e+00 0.000000000000000000e+00
1.457408626555255493e+00 0.000000000000000000e+00
1.457378544558616484e+00 0.000000000000000000e+00
1.457348462561977698e+00 0.000000000000000000e+00
1.457318380565338911e+00 0.000000000000000000e+00
1.457288298568700124e+00 0.000000000000000000e+00
1.457258216572061338e+00 0.000000000000000000e+00
1.457228134575422551e+00 0.000000000000000000e+00
1.457198052578783765e+00 0.000000000000000000e+00
1.457167970582144978e+00 0.000000000000000000e+00
1.457137888585505969e+00 0.000000000000000000e+00
1.457107806588867183e+00 0.000000000000000000e+00
1.457077724592228396e+00 0.000000000000000000e+00
1.457047642595589609e+00 0.000000000000000000e+00
1.457017560598950823e+00 0.000000000000000000e+00
1.456987478602312036e+00 0.000000000000000000e+00
1.456957396605673249e+00 0.000000000000000000e+00
1.456927314609034241e+00 0.000000000000000000e+00
1.456899598001792473e+00 0.000000000000000000e+00
1.456872021665533756e+00 0.000000000000000000e+00
1.456844445329275040e+00 0.000000000000000000e+00
1.456816868993016323e+00 0.000000000000000000e+00
1.456789292656757606e+00 0.000000000000000000e+00
1.456761716320498889e+00 0.000000000000000000e+00
1.456734139984240173e+00 0.000000000000000000e+00
1.456706563647981456e+00 0.000000000000000000e+00
1.456678987311722739e+00 0.000000000000000000e+00
1.456651410975464023e+00 0.000000000000000000e+00
1.456623834639205306e+00 0.000000000000000000e+00
1.456596258302946589e+00 0.000000000000000000e+00
1.456568681966687873e+00 0.000000000000000000e+00
1.456541105630429156e+00 0.000000000000000000e+00
